Br: 0.0026131021211174815
Ir: 9.031348849493455
Jr: 0.0297
Lm: 0.15110268241640415
Lr: 0.012791789919065526
Ls: 0.005388570657808657
P: 4
Rm: 961.1615226663013
Rr: 0.6770171012267733
Rs: 0.60939
Vs: 230.94010767585033
we: 314.1592653589793
Bl: 7.4
IrRs: 5.503613675392816
Jl: 14.8
Kc: 173.33333333333334
Kg: 10
Ko: 220
Kp: 4.214715405477244
Ksv: 0.02
Ksv_: 0.019098593171027443
Kvf_: 0.7175866474695843
Ti: 0.08864153343110512
Vcc: 650
Vtpp: 3.75
fs: 1000
tz: 0.3735988365172049
