estimated_parameters:
  Br: 0.00382
  Ir: 12.253073
  Lm: 0.103376
  Lr: 0.006852
  Ls: 0.00475
  Rm: 830.366727
  Rr: 0.473632
  Rs: 0.429833
provided_parameters:
  Jr: 0.032
  P: 4
  Vs: 230.940108
  we: 314.159265
